1	0
2	1
3	2
4	3
5	4
8	5
10	6
11	7
12	8
13	9
14	10
15	11
17	12
18	13
19	14
20	15
21	16
25	17
27	18
29	19
30	20
31	21
32	22
33	23
35	24
37	25
39	26
42	27
44	28
46	29
49	30
50	31
52	32
53	33
54	34
56	35
58	36
60	37
62	38
63	39
65	40
66	41
67	42
70	43
72	44
75	45
77	46
78	47
79	48
80	49
82	50
83	51
84	52
85	53
86	54
87	55
90	56
92	57
93	58
96	59
99	60
100	61
102	62
104	63
105	64
106	65
107	66
112	67
114	68
116	69
117	70
118	71
120	72
121	73
123	74
126	75
128	76
131	77
133	78
134	79
135	80
136	81
138	82
141	83
144	84
146	85
147	86
148	87
150	88
152	89
153	90
155	91
156	92
157	93
158	94
159	95
160	96
161	97
162	98
164	99
166	100
167	101
168	102
169	103
170	104
172	105
173	106
174	107
176	108
177	109
180	110
181	111
182	112
183	113
186	114
188	115
193	116
195	117
196	118
197	119
198	120
199	121
200	122
202	123
203	124
204	125
205	126
206	127
207	128
208	129
209	130
212	131
215	132
216	133
218	134
220	135
223	136
224	137
226	138
227	139
228	140
230	141
232	142
233	143
234	144
235	145
239	146
241	147
243	148
244	149
245	150
246	151
247	152
248	153
249	154
250	155
252	156
253	157
254	158
255	159
257	160
258	161
260	162
263	163
265	164
266	165
267	166
271	167
272	168
273	169
276	170
278	171
279	172
280	173
282	174
283	175
286	176
287	177
288	178
290	179
291	180
292	181
294	182
295	183
296	184
298	185
300	186
301	187
302	188
305	189
306	190
307	191
308	192
309	193
310	194
311	195
312	196
313	197
314	198
316	199
317	200
318	201
320	202
321	203
322	204
324	205
325	206
327	207
329	208
330	209
331	210
333	211
334	212
337	213
338	214
342	215
343	216
344	217
346	218
347	219
348	220
349	221
351	222
352	223
354	224
355	225
356	226
357	227
358	228
359	229
365	230
366	231
368	232
369	233
370	234
372	235
373	236
374	237
376	238
379	239
380	240
381	241
383	242
385	243
386	244
387	245
388	246
391	247
392	248
393	249
394	250
396	251
398	252
404	253
406	254
407	255
409	256
410	257
411	258
413	259
414	260
415	261
417	262
419	263
420	264
424	265
426	266
427	267
428	268
429	269
431	270
432	271
434	272
435	273
436	274
437	275
438	276
441	277
443	278
444	279
446	280
449	281
450	282
451	283
452	284
455	285
458	286
460	287
462	288
464	289
465	290
466	291
469	292
470	293
471	294
472	295
475	296
476	297
477	298
478	299
479	300
480	301
482	302
485	303
486	304
487	305
488	306
490	307
492	308
493	309
494	310
495	311
496	312
500	313
502	314
503	315
506	316
507	317
508	318
509	319
510	320
513	321
514	322
515	323
516	324
517	325
518	326
520	327
522	328
523	329
524	330
525	331
526	332
527	333
529	334
532	335
535	336
536	337
538	338
539	339
540	340
541	341
542	342
543	343
544	344
546	345
547	346
548	347
551	348
553	349
554	350
555	351
556	352
557	353
558	354
559	355
562	356
565	357
566	358
567	359
568	360
570	361
572	362
573	363
574	364
577	365
578	366
580	367
581	368
584	369
585	370
589	371
590	372
591	373
593	374
597	375
598	376
600	377
601	378
602	379
606	380
609	381
610	382
611	383
612	384
615	385
616	386
617	387
618	388
619	389
621	390
623	391
624	392
626	393
628	394
631	395
632	396
633	397
634	398
635	399
637	400
638	401
639	402
641	403
642	404
643	405
645	406
647	407
648	408
649	409
651	410
652	411
653	412
657	413
658	414
659	415
661	416
663	417
666	418
667	419
668	420
669	421
670	422
671	423
673	424
674	425
678	426
679	427
680	428
682	429
687	430
688	431
691	432
696	433
697	434
698	435
700	436
701	437
705	438
707	439
708	440
709	441
710	442
714	443
715	444
716	445
719	446
720	447
722	448
724	449
725	450
728	451
730	452
731	453
732	454
735	455
742	456
743	457
744	458
745	459
746	460
747	461
749	462
750	463
753	464
754	465
756	466
757	467
758	468
759	469
763	470
766	471
767	472
774	473
775	474
776	475
778	476
779	477
781	478
784	479
786	480
790	481
792	482
796	483
799	484
801	485
802	486
803	487
806	488
807	489
809	490
810	491
813	492
814	493
815	494
818	495
820	496
821	497
823	498
824	499
829	500
830	501
833	502
834	503
839	504
841	505
843	506
847	507
848	508
849	509
850	510
851	511
852	512
853	513
858	514
861	515
862	516
863	517
865	518
868	519
869	520
870	521
874	522
878	523
879	524
881	525
882	526
884	527
885	528
887	529
889	530
891	531
893	532
895	533
896	534
897	535
898	536
899	537
900	538
902	539
905	540
907	541
908	542
914	543
920	544
921	545
922	546
923	547
924	548
926	549
929	550
932	551
935	552
936	553
939	554
943	555
950	556
951	557
954	558
955	559
956	560
958	561
960	562
962	563
969	564
972	565
973	566
974	567
977	568
984	569
985	570
988	571
989	572
990	573
991	574
992	575
998	576
999	577
1000	578
1002	579
1003	580
1004	581
1005	582
1007	583
1008	584
1011	585
1012	586
1015	587
1020	588
1023	589
1024	590
1025	591
1026	592
1028	593
1031	594
1033	595
1036	596
1037	597
1038	598
1039	599
1040	600
1041	601
1042	602
1043	603
1044	604
1046	605
1047	606
1049	607
1050	608
1051	609
1053	610
1054	611
1055	612
1056	613
1057	614
1058	615
1062	616
1063	617
1064	618
1067	619
1069	620
1070	621
1071	622
1079	623
1080	624
1081	625
1083	626
1084	627
1089	628
1090	629
1091	630
1092	631
1093	632
1094	633
1095	634
1096	635
1097	636
1098	637
1100	638
1102	639
1103	640
1105	641
1111	642
1112	643
1116	644
1119	645
1120	646
1121	647
1123	648
1125	649
1126	650
1129	651
1130	652
1131	653
1132	654
1133	655
1134	656
1135	657
1136	658
1138	659
1139	660
1142	661
1145	662
1147	663
1148	664
1150	665
1152	666
1154	667
1160	668
1161	669
1162	670
1163	671
1164	672
1165	673
1168	674
1169	675
1170	676
1171	677
1172	678
1175	679
1176	680
1178	681
1179	682
1180	683
1183	684
1184	685
1185	686
1186	687
1187	688
1188	689
1190	690
1191	691
1192	692
1193	693
1196	694
1197	695
1198	696
1202	697
1204	698
1205	699
1206	700
1207	701
1208	702
1209	703
1210	704
1211	705
1212	706
1215	707
1217	708
1220	709
1221	710
1222	711
1223	712
1226	713
1227	714
1228	715
1230	716
1231	717
1235	718
1237	719
1238	720
1240	721
1245	722
1246	723
1247	724
1249	725
1250	726
1254	727
1255	728
1257	729
1258	730
1261	731
1262	732
1263	733
1265	734
1268	735
1270	736
1271	737
1272	738
1273	739
1276	740
1278	741
1279	742
1280	743
1281	744
1285	745
1286	746
1288	747
1289	748
1290	749
1291	750
1293	751
1295	752
1297	753
1299	754
1300	755
1301	756
1302	757
1303	758
1304	759
1305	760
1306	761
1307	762
1310	763
1311	764
1312	765
1313	766
1315	767
1317	768
1321	769
1323	770
1325	771
1326	772
1328	773
1331	774
1333	775
1335	776
1341	777
1352	778
1353	779
1354	780
1356	781
1358	782
1360	783
1361	784
1363	785
1364	786
1369	787
1370	788
1371	789
1372	790
1373	791
1375	792
1376	793
1377	794
1379	795
1380	796
1381	797
1383	798
1384	799
1386	800
1387	801
1388	802
1389	803
1390	804
1391	805
1392	806
1393	807
1394	808
1395	809
1397	810
1399	811
1401	812
1404	813
1405	814
1406	815
1410	816
1412	817
1413	818
1417	819
1420	820
1422	821
1425	822
1426	823
1431	824
1437	825
1438	826
1439	827
1440	828
1441	829
1442	830
1444	831
1446	832
1447	833
1449	834
1450	835
1453	836
1454	837
1455	838
1459	839
1461	840
1463	841
1464	842
1465	843
1466	844
1470	845
1471	846
1472	847
1473	848
1475	849
1477	850
1480	851
1484	852
1485	853
1486	854
1487	855
1489	856
1490	857
1493	858
1494	859
1495	860
1497	861
1498	862
1500	863
1501	864
1503	865
1504	866
1507	867
1509	868
1510	869
1511	870
1513	871
1514	872
1517	873
1520	874
1522	875
1523	876
1525	877
1526	878
1527	879
1531	880
1534	881
1535	882
1538	883
1539	884
1542	885
1543	886
1544	887
1545	888
1546	889
1547	890
1549	891
1552	892
1554	893
1556	894
1558	895
1561	896
1562	897
1564	898
1567	899
1570	900
1572	901
1573	902
1575	903
1579	904
1581	905
1582	906
1583	907
1585	908
1588	909
1589	910
1590	911
1591	912
1592	913
1594	914
1595	915
1596	916
1600	917
1601	918
1602	919
1606	920
1610	921
1611	922
1612	923
1613	924
1621	925
1622	926
1623	927
1624	928
1632	929
1633	930
1635	931
1639	932
1640	933
1641	934
1644	935
1648	936
1649	937
1650	938
1651	939
1652	940
1653	941
1654	942
1656	943
1658	944
1659	945
1660	946
1661	947
1662	948
1663	949
1665	950
1666	951
1667	952
1669	953
1671	954
1673	955
1677	956
1678	957
1679	958
1680	959
1681	960
1682	961
1684	962
1685	963
1686	964
1689	965
1690	966
1692	967
1693	968
1694	969
1695	970
1701	971
1702	972
1703	973
1704	974
1707	975
1709	976
1711	977
1713	978
1714	979
1715	980
1717	981
1719	982
1722	983
1725	984
1727	985
1728	986
1729	987
1730	988
1731	989
1732	990
1741	991
1743	992
1747	993
1749	994
1750	995
1752	996
1755	997
1756	998
1759	999
1760	1000
1762	1001
1769	1002
1770	1003
1772	1004
1773	1005
1777	1006
1780	1007
1782	1008
1783	1009
1785	1010
1787	1011
1794	1012
1799	1013
1804	1014
1810	1015
1811	1016
1814	1017
1816	1018
1817	1019
1821	1020
1822	1021
1824	1022
1826	1023
1831	1024
1832	1025
1834	1026
1835	1027
1836	1028
1837	1029
1839	1030
1840	1031
1841	1032
1842	1033
1843	1034
1844	1035
1845	1036
1850	1037
1851	1038
1852	1039
1853	1040
1854	1041
1855	1042
1856	1043
1857	1044
1859	1045
1860	1046
1861	1047
1862	1048
1863	1049
1865	1050
1866	1051
1867	1052
1870	1053
1871	1054
1872	1055
1874	1056
1875	1057
1876	1058
1878	1059
1879	1060
1880	1061
1881	1062
1883	1063
1884	1064
1885	1065
1886	1066
1887	1067
1888	1068
1890	1069
1891	1070
1892	1071
1894	1072
1895	1073
1896	1074
1897	1075
1898	1076
1899	1077
1901	1078
1902	1079
1903	1080
1904	1081
1906	1082
1908	1083
1910	1084
1913	1085
1914	1086
1915	1087
1918	1088
1920	1089
1921	1090
1923	1091
1924	1092
1926	1093
1932	1094
1934	1095
1935	1096
1936	1097
1937	1098
1938	1099
1939	1100
1940	1101
1944	1102
1945	1103
1946	1104
1947	1105
1951	1106
1952	1107
1953	1108
1957	1109
1958	1110
1959	1111
1960	1112
1961	1113
1963	1114
1964	1115
1965	1116
1968	1117
1970	1118
1971	1119
1972	1120
1973	1121
1975	1122
1977	1123
1979	1124
1980	1125
1981	1126
1984	1127
1985	1128
1986	1129
1988	1130
1989	1131
1992	1132
1993	1133
1995	1134
1996	1135
1997	1136
1998	1137
1999	1138
2000	1139
2001	1140
2002	1141
2003	1142
2004	1143
2005	1144
2006	1145
2007	1146
2008	1147
2009	1148
2011	1149
2012	1150
2015	1151
2016	1152
2019	1153
2021	1154
2022	1155
2023	1156
2026	1157
2027	1158
2028	1159
2029	1160
2033	1161
2035	1162
2036	1163
2037	1164
2038	1165
2041	1166
2042	1167
2043	1168
2044	1169
2045	1170
2046	1171
2047	1172
2048	1173
2049	1174
2050	1175
2051	1176
2053	1177
2054	1178
2055	1179
2056	1180
2057	1181
2058	1182
2060	1183
2061	1184
2064	1185
2065	1186
2068	1187
2070	1188
2071	1189
2075	1190
2076	1191
2077	1192
2080	1193
2082	1194
2083	1195
2084	1196
2086	1197
2089	1198
2091	1199
2092	1200
2095	1201
2097	1202
2098	1203
2099	1204
2101	1205
2102	1206
2103	1207
2105	1208
2106	1209
2108	1210
2109	1211
2110	1212
2111	1213
2115	1214
2116	1215
2117	1216
2119	1217
2120	1218
2121	1219
2123	1220
2124	1221
2125	1222
2127	1223
2128	1224
2129	1225
2132	1226
2134	1227
2138	1228
2139	1229
2140	1230
2141	1231
2142	1232
2144	1233
2145	1234
2146	1235
2147	1236
2149	1237
2150	1238
2151	1239
2152	1240
2154	1241
2157	1242
2159	1243
2160	1244
2161	1245
2162	1246
2163	1247
2164	1248
2169	1249
2170	1250
2174	1251
2177	1252
2180	1253
2181	1254
2184	1255
2186	1256
2188	1257
2191	1258
2192	1259
2193	1260
2194	1261
2198	1262
2200	1263
2201	1264
2202	1265
2204	1266
2213	1267
2214	1268
2215	1269
2217	1270
2219	1271
2231	1272
2233	1273
2235	1274
2236	1275
2237	1276
2238	1277
2240	1278
2242	1279
2243	1280
2244	1281
2247	1282
2248	1283
2250	1284
2251	1285
2255	1286
2257	1287
2259	1288
2261	1289
2262	1290
2263	1291
2266	1292
2267	1293
2268	1294
2269	1295
2271	1296
2272	1297
2275	1298
2276	1299
2277	1300
2278	1301
2279	1302
2280	1303
2281	1304
2282	1305
2283	1306
2285	1307
2286	1308
2287	1309
2290	1310
2291	1311
2292	1312
2293	1313
2294	1314
2295	1315
2296	1316
2297	1317
2298	1318
2301	1319
2302	1320
2303	1321
2306	1322
2307	1323
2308	1324
2311	1325
2312	1326
2315	1327
2316	1328
2317	1329
2325	1330
2327	1331
2329	1332
2333	1333
2335	1334
2337	1335
2338	1336
2340	1337
2341	1338
2342	1339
2344	1340
2345	1341
2347	1342
2348	1343
2350	1344
2351	1345
2352	1346
2353	1347
2354	1348
2355	1349
2357	1350
2359	1351
2360	1352
2361	1353
2362	1354
2365	1355
2368	1356
2369	1357
2370	1358
2371	1359
2372	1360
2373	1361
2374	1362
2375	1363
2376	1364
2377	1365
2378	1366
2379	1367
2380	1368
2381	1369
2382	1370
2383	1371
2384	1372
2385	1373
2387	1374
2388	1375
2390	1376
2391	1377
2393	1378
2394	1379
2395	1380
2396	1381
2399	1382
2400	1383
2401	1384
2402	1385
2403	1386
2404	1387
2405	1388
2406	1389
2408	1390
2409	1391
2410	1392
2411	1393
2412	1394
2413	1395
2414	1396
2415	1397
2417	1398
2418	1399
2424	1400
2426	1401
2431	1402
2432	1403
2433	1404
2434	1405
2435	1406
2436	1407
2437	1408
2438	1409
2441	1410
2442	1411
2443	1412
2447	1413
2449	1414
2450	1415
2452	1416
2453	1417
2456	1418
2458	1419
2459	1420
2460	1421
2461	1422
2463	1423
2465	1424
2466	1425
2467	1426
2468	1427
2469	1428
2470	1429
2471	1430
2473	1431
2474	1432
2475	1433
2476	1434
2477	1435
2480	1436
2482	1437
2483	1438
2485	1439
2487	1440
2492	1441
2493	1442
2496	1443
2498	1444
2501	1445
2502	1446
2504	1447
2505	1448
2507	1449
2509	1450
2510	1451
2511	1452
2513	1453
2514	1454
2515	1455
2521	1456
2522	1457
2524	1458
2525	1459
2527	1460
2530	1461
2531	1462
2532	1463
2533	1464
2537	1465
2538	1466
2539	1467
2540	1468
2541	1469
2543	1470
2544	1471
2545	1472
2546	1473
2548	1474
2551	1475
2554	1476
2555	1477
2556	1478
2557	1479
2566	1480
2567	1481
2568	1482
2571	1483
2572	1484
2575	1485
2576	1486
2577	1487
2578	1488
2579	1489
2581	1490
2582	1491
2583	1492
2584	1493
2589	1494
2590	1495
2591	1496
2592	1497
2596	1498
2598	1499
2600	1500
2606	1501
2607	1502
2609	1503
2610	1504
2613	1505
2614	1506
2615	1507
2620	1508
2624	1509
2626	1510
2627	1511
2628	1512
2630	1513
2631	1514
2632	1515
2635	1516
2637	1517
2638	1518
2641	1519
2642	1520
2643	1521
2646	1522
2649	1523
2650	1524
2651	1525
2652	1526
2655	1527
2657	1528
2659	1529
2661	1530
2663	1531
2666	1532
2667	1533
2668	1534
2669	1535
2670	1536
2671	1537
2672	1538
2673	1539
2674	1540
2675	1541
2677	1542
2678	1543
2679	1544
2681	1545
2683	1546
2685	1547
2686	1548
2689	1549
2691	1550
2692	1551
2693	1552
2696	1553
2697	1554
2699	1555
2701	1556
2702	1557
2703	1558
2704	1559
2705	1560
2707	1561
2710	1562
2711	1563
2712	1564
2713	1565
2714	1566
2715	1567
2717	1568
2720	1569
2722	1570
2724	1571
2725	1572
2726	1573
2727	1574
2730	1575
2731	1576
2732	1577
2733	1578
2734	1579
2735	1580
2736	1581
2739	1582
2740	1583
2742	1584
2746	1585
2747	1586
2750	1587
2751	1588
2752	1589
2754	1590
2755	1591
2758	1592
2759	1593
2761	1594
2762	1595
2765	1596
2766	1597
2767	1598
2768	1599
2769	1600
2770	1601
2771	1602
2772	1603
2773	1604
2774	1605
2778	1606
2781	1607
2783	1608
2785	1609
2788	1610
2789	1611
2790	1612
2791	1613
2792	1614
2793	1615
2796	1616
2797	1617
2799	1618
2800	1619
2801	1620
2803	1621
2804	1622
2805	1623
2806	1624
2807	1625
2809	1626
2810	1627
2815	1628
2816	1629
2817	1630
2818	1631
2819	1632
2821	1633
2823	1634
2826	1635
2827	1636
2828	1637
2830	1638
2833	1639
2836	1640
2839	1641
2840	1642
2841	1643
2843	1644
2844	1645
2845	1646
2846	1647
2847	1648
2849	1649
2851	1650
2852	1651
2857	1652
2859	1653
2861	1654
2863	1655
2865	1656
2866	1657
2870	1658
2872	1659
2873	1660
2874	1661
2875	1662
2878	1663
2882	1664
2883	1665
2886	1666
2887	1667
2889	1668
2891	1669
2892	1670
2895	1671
2896	1672
2897	1673
2898	1674
2900	1675
2902	1676
2903	1677
2905	1678
2906	1679
2908	1680
2909	1681
2912	1682
2913	1683
2918	1684
2920	1685
2921	1686
2924	1687
2930	1688
2931	1689
2932	1690
2935	1691
2936	1692
2937	1693
2938	1694
2940	1695
2942	1696
2943	1697
2944	1698
2945	1699
2947	1700
2948	1701
2949	1702
2951	1703
2953	1704
2955	1705
2956	1706
2959	1707
2961	1708
2963	1709
2964	1710
2965	1711
2966	1712
2968	1713
2969	1714
2970	1715
2971	1716
2972	1717
2973	1718
2976	1719
2977	1720
2978	1721
2981	1722
2983	1723
2984	1724
2988	1725
2989	1726
2990	1727
2991	1728
2992	1729
2993	1730
2996	1731
2997	1732
2998	1733
2999	1734
3001	1735
3002	1736
3003	1737
3005	1738
3006	1739
3007	1740
3010	1741
3011	1742
3012	1743
3013	1744
3014	1745
3017	1746
3018	1747
3019	1748
3020	1749
3021	1750
3025	1751
3026	1752
3030	1753
3031	1754
3032	1755
3033	1756
3036	1757
3038	1758
3040	1759
3041	1760
3043	1761
3044	1762
3045	1763
3046	1764
3049	1765
3050	1766
3051	1767
3052	1768
3053	1769
3054	1770
3055	1771
3057	1772
3060	1773
3061	1774
3062	1775
3065	1776
3066	1777
3067	1778
3069	1779
3072	1780
3074	1781
3075	1782
3077	1783
3078	1784
3081	1785
3082	1786
3083	1787
3084	1788
3085	1789
3087	1790
3090	1791
3091	1792
3093	1793
3095	1794
3097	1795
3098	1796
3099	1797
3100	1798
3101	1799
3102	1800
3103	1801
3105	1802
3106	1803
3107	1804
3108	1805
3111	1806
3113	1807
3114	1808
3120	1809
3121	1810
3122	1811
3124	1812
3127	1813
3128	1814
3129	1815
3131	1816
3135	1817
3136	1818
3137	1819
3141	1820
3142	1821
3143	1822
3144	1823
3146	1824
3147	1825
3148	1826
3150	1827
3151	1828
3152	1829
3153	1830
3154	1831
3156	1832
3157	1833
3158	1834
3159	1835
3161	1836
3162	1837
3163	1838
3164	1839
3167	1840
3169	1841
3171	1842
3173	1843
3174	1844
3175	1845
3176	1846
3177	1847
3179	1848
3183	1849
3185	1850
3186	1851
3188	1852
3189	1853
3196	1854
3197	1855
3199	1856
3200	1857
3201	1858
3202	1859
3203	1860
3204	1861
3208	1862
3210	1863
3211	1864
3213	1865
3214	1866
3215	1867
3219	1868
3220	1869
3221	1870
3223	1871
3224	1872
3225	1873
3228	1874
3229	1875
3230	1876
3232	1877
3233	1878
3236	1879
3237	1880
3240	1881
3242	1882
3243	1883
3245	1884
3247	1885
3248	1886
3249	1887
3251	1888
3253	1889
3254	1890
3255	1891
3256	1892
3258	1893
3259	1894
3260	1895
3262	1896
3263	1897
3264	1898
3266	1899
3267	1900
3268	1901
3270	1902
3272	1903
3273	1904
3274	1905
3275	1906
3277	1907
3281	1908
3282	1909
3283	1910
3284	1911
3286	1912
3287	1913
3288	1914
3289	1915
3290	1916
3291	1917
3292	1918
3293	1919
3294	1920
3295	1921
3297	1922
3299	1923
3300	1924
3301	1925
3303	1926
3306	1927
3308	1928
3311	1929
3314	1930
3315	1931
3316	1932
3317	1933
3318	1934
3319	1935
3320	1936
3322	1937
3323	1938
3324	1939
3325	1940
3326	1941
3328	1942
3329	1943
3331	1944
3333	1945
3334	1946
3338	1947
3339	1948
3340	1949
3342	1950
3345	1951
3346	1952
3347	1953
3351	1954
3352	1955
3353	1956
3354	1957
3355	1958
3358	1959
3359	1960
3360	1961
3361	1962
3362	1963
3363	1964
3364	1965
3365	1966
3366	1967
3367	1968
3368	1969
3372	1970
3373	1971
3374	1972
3375	1973
3377	1974
3380	1975
3381	1976
3382	1977
3385	1978
3387	1979
3388	1980
3389	1981
3390	1982
3391	1983
3392	1984
3393	1985
3396	1986
3397	1987
3398	1988
3399	1989
3400	1990
3402	1991
3403	1992
3406	1993
3408	1994
3410	1995
3414	1996
3417	1997
3418	1998
3419	1999
3420	2000
3421	2001
3422	2002
3423	2003
3424	2004
3425	2005
3426	2006
3427	2007
3429	2008
3431	2009
3432	2010
3433	2011
3434	2012
3436	2013
3437	2014
3439	2015
3440	2016
3442	2017
3443	2018
3444	2019
3445	2020
3446	2021
3447	2022
3448	2023
3450	2024
3451	2025
3452	2026
3453	2027
3456	2028
3460	2029
3464	2030
3465	2031
3466	2032
3467	2033
3468	2034
3471	2035
3473	2036
3474	2037
3477	2038
3478	2039
3479	2040
3482	2041
3483	2042
3484	2043
3488	2044
3489	2045
3490	2046
3491	2047
3492	2048
3493	2049
3495	2050
3496	2051
3497	2052
3498	2053
3499	2054
3500	2055
3501	2056
3502	2057
3506	2058
3507	2059
3508	2060
3510	2061
3511	2062
3512	2063
3513	2064
3514	2065
3515	2066
3516	2067
3518	2068
3519	2069
3520	2070
3521	2071
3522	2072
3523	2073
3526	2074
3527	2075
3528	2076
3530	2077
3531	2078
3533	2079
3534	2080
3535	2081
3536	2082
3537	2083
3539	2084
3540	2085
3542	2086
3543	2087
3544	2088
3547	2089
3548	2090
3549	2091
3551	2092
3552	2093
3555	2094
3556	2095
3557	2096
3563	2097
3564	2098
3567	2099
3568	2100
3569	2101
3570	2102
3572	2103
3573	2104
3574	2105
3579	2106
3580	2107
3581	2108
3585	2109
3588	2110
3590	2111
3591	2112
3593	2113
3599	2114
3600	2115
3601	2116
3603	2117
3605	2118
3606	2119
3608	2120
3609	2121
3610	2122
3611	2123
3612	2124
3613	2125
3614	2126
3615	2127
3618	2128
3619	2129
3620	2130
3623	2131
3624	2132
3625	2133
3628	2134
3629	2135
3631	2136
3632	2137
3633	2138
3634	2139
3635	2140
3636	2141
3638	2142
3639	2143
3640	2144
3641	2145
3643	2146
3644	2147
3646	2148
3649	2149
3651	2150
3652	2151
3653	2152
3654	2153
3656	2154
3657	2155
3658	2156
3660	2157
3661	2158
3662	2159
3663	2160
3664	2161
3665	2162
3670	2163
3671	2164
3673	2165
3674	2166
3675	2167
3676	2168
3677	2169
3678	2170
3679	2171
3680	2172
3681	2173
3682	2174
3683	2175
3684	2176
3685	2177
3688	2178
3689	2179
3690	2180
3691	2181
3692	2182
3693	2183
3695	2184
3696	2185
3697	2186
3700	2187
3701	2188
3702	2189
3703	2190
3704	2191
3706	2192
3709	2193
3711	2194
3712	2195
3713	2196
3714	2197
3715	2198
3716	2199
3718	2200
3721	2201
3725	2202
3727	2203
3730	2204
3731	2205
3732	2206
3733	2207
3735	2208
3737	2209
3738	2210
3740	2211
3745	2212
3747	2213
3748	2214
3749	2215
3751	2216
3754	2217
3755	2218
3756	2219
3759	2220
3760	2221
3761	2222
3763	2223
3766	2224
3767	2225
3768	2226
3769	2227
3771	2228
3774	2229
3775	2230
3776	2231
3777	2232
3778	2233
3780	2234
3781	2235
3782	2236
3783	2237
3785	2238
3786	2239
3788	2240
3789	2241
3792	2242
3793	2243
3794	2244
3796	2245
3800	2246
3801	2247
3802	2248
3803	2249
3804	2250
3805	2251
3807	2252
3809	2253
3810	2254
3811	2255
3813	2256
3814	2257
3816	2258
3817	2259
3819	2260
3820	2261
3821	2262
3822	2263
3824	2264
3825	2265
3826	2266
3827	2267
3828	2268
3830	2269
3832	2270
3833	2271
3834	2272
3836	2273
3837	2274
3838	2275
3839	2276
3840	2277
3841	2278
3843	2279
3847	2280
3848	2281
3851	2282
3852	2283
3853	2284
3854	2285
3855	2286
3858	2287
3859	2288
3860	2289
3861	2290
3862	2291
3863	2292
3864	2293
3865	2294
3868	2295
3873	2296
3874	2297
3875	2298
3879	2299
3880	2300
3881	2301
3882	2302
3883	2303
3885	2304
3886	2305
3888	2306
3889	2307
3892	2308
3893	2309
3894	2310
3896	2311
3897	2312
3900	2313
3901	2314
3902	2315
3903	2316
3905	2317
3908	2318
3909	2319
3910	2320
3911	2321
3913	2322
3915	2323
3916	2324
3917	2325
3918	2326
3919	2327
3921	2328
3923	2329
3924	2330
3925	2331
3926	2332
3927	2333
3928	2334
3929	2335
3931	2336
3933	2337
3938	2338
3941	2339
3942	2340
3943	2341
3944	2342
3945	2343
3949	2344
3950	2345
3951	2346
